2018-04-03_01 ==> 04 02 01 09 11
2018-04-03_02 ==> 11 08 04 07 09
2018-04-03_03 ==> 10 03 11 08 01
2018-04-03_04 ==> 07 04 01 02 06
2018-04-03_05 ==> 02 11 08 09 05
2018-04-03_06 ==> 10 09 01 05 02
2018-04-03_07 ==> 10 02 05 08 11
2018-04-03_08 ==> 04 10 07 09 08
2018-04-03_09 ==> 09 05 07 02 01
2018-04-03_10 ==> 06 02 09 07 04
2018-04-03_11 ==> 09 07 11 08 03
2018-04-03_12 ==> 08 01 04 03 11
2018-04-03_13 ==> 10 05 02 01 06
2018-04-03_14 ==> 09 02 07 04 08
2018-04-03_15 ==> 06 07 02 03 05
2018-04-03_16 ==> 09 05 01 10 03
2018-04-03_17 ==> 03 09 04 05 06
2018-04-03_18 ==> 05 07 03 02 01
2018-04-03_19 ==> 04 05 06 10 02
2018-04-03_20 ==> 01 02 10 04 08
2018-04-03_21 ==> 06 11 10 05 07
2018-04-03_22 ==> 10 04 11 03 08
2018-04-03_23 ==> 01 06 10 03 11
2018-04-03_24 ==> 08 04 01 11 09
2018-04-03_25 ==> 01 07 10 08 06
2018-04-03_26 ==> 06 08 10 09 05
2018-04-03_27 ==> 07 06 01 02 11
2018-04-03_28 ==> 07 03 04 06 08
2018-04-03_29 ==> 01 02 05 04 03
2018-04-03_30 ==> 08 05 01 10 02
2018-04-03_31 ==> 03 02 08 10 01
2018-04-03_32 ==> 07 02 04 08 06
2018-04-03_33 ==> 04 10 09 06 01
2018-04-03_34 ==> 03 06 01 11 10
2018-04-03_35 ==> 05 08 07 10 01
2018-04-03_36 ==> 01 10 08 03 11
2018-04-03_37 ==> 01 07 10 11 09
2018-04-03_38 ==> 05 04 06 02 11
2018-04-03_39 ==> 10 06 01 05 07
2018-04-03_40 ==> 09 11 04 01 03
2018-04-03_41 ==> 01 11 09 03 07
2018-04-03_42 ==> 03 11 10 01 05
2018-04-03_43 ==> 05 11 04 07 09
2018-04-03_44 ==> 03 05 01 06 09
2018-04-03_45 ==> 09 03 10 01 04
2018-04-03_46 ==> 06 10 03 04 07
2018-04-03_47 ==> 04 01 03 02 09
2018-04-03_48 ==> 04 08 11 06 02
2018-04-03_49 ==> 09 05 01 04 10
2018-04-03_50 ==> 01 08 10 05 04
2018-04-03_51 ==> 10 06 07 04 05
2018-04-03_52 ==> 10 08 03 04 05
2018-04-03_53 ==> 01 09 10 02 08
2018-04-03_54 ==> 06 03 05 08 01
2018-04-03_55 ==> 09 01 11 02 05
2018-04-03_56 ==> 09 03 10 05 04
2018-04-03_57 ==> 05 03 04 06 09
2018-04-03_58 ==> 04 03 11 09 05
2018-04-03_59 ==> 06 09 03 10 04
2018-04-03_60 ==> 02 07 05 10 09
2018-04-03_61 ==> 11 01 03 06 05
2018-04-03_62 ==> 07 02 05 03 11
2018-04-03_63 ==> 11 01 07 02 08
2018-04-03_64 ==> 01 03 10 06 04
2018-04-03_65 ==> 05 09 11 04 07
2018-04-03_66 ==> 05 09 11 06 02
2018-04-03_67 ==> 09 02 10 04 01
2018-04-03_68 ==> 10 06 03 09 02
2018-04-03_69 ==> 04 02 05 01 09
2018-04-03_70 ==> 09 11 03 01 07
2018-04-03_71 ==> 07 01 10 06 03
2018-04-03_72 ==> 11 03 08 02 10
2018-04-03_73 ==> 09 02 05 10 11
2018-04-03_74 ==> 03 11 04 06 08
2018-04-03_75 ==> 10 08 05 06 11
2018-04-03_76 ==> 02 09 04 03 06
2018-04-03_77 ==> 07 05 03 02 09
2018-04-03_78 ==> 11 10 05 01 06
2018-04-03_79 ==> 03 02 06 08 05
2018-04-03_80 ==> 03 04 06 02 10
2018-04-03_81 ==> 05 06 08 10 09
2018-04-03_82 ==> 10 01 02 03 11
2018-04-03_83 ==> 11 01 08 05 09
2018-04-03_84 ==> 10 09 07 05 08
2018-04-03_85 ==> 08 01 11 09 06
2018-04-03_86 ==> 09 05 08 06 07
2018-04-03_87 ==> 10 03 06 04 08
