2018-04-04_01 ==> 06 07 11 04 08
2018-04-04_02 ==> 06 11 08 03 05
2018-04-04_03 ==> 05 06 11 07 04
2018-04-04_04 ==> 07 08 06 03 01
2018-04-04_05 ==> 08 06 01 05 02
2018-04-04_06 ==> 03 01 09 02 05
2018-04-04_07 ==> 02 10 04 08 07
2018-04-04_08 ==> 10 09 04 08 11
2018-04-04_09 ==> 10 05 11 04 06
2018-04-04_10 ==> 10 01 11 04 02
2018-04-04_11 ==> 06 08 02 07 01
2018-04-04_12 ==> 07 04 02 05 06
2018-04-04_13 ==> 01 05 10 09 03
2018-04-04_14 ==> 09 01 03 02 08
2018-04-04_15 ==> 02 04 01 11 03
2018-04-04_16 ==> 09 04 10 02 05
2018-04-04_17 ==> 07 02 08 05 04
2018-04-04_18 ==> 10 03 04 02 05
2018-04-04_19 ==> 04 01 06 10 11
2018-04-04_20 ==> 01 10 05 11 07
2018-04-04_21 ==> 04 10 02 03 01
2018-04-04_22 ==> 05 07 03 09 04
2018-04-04_23 ==> 02 09 11 03 08
2018-04-04_24 ==> 02 06 10 05 01
2018-04-04_25 ==> 09 03 07 05 02
2018-04-04_26 ==> 04 03 08 07 01
2018-04-04_27 ==> 01 09 02 06 10
2018-04-04_28 ==> 01 09 07 06 11
2018-04-04_29 ==> 10 08 04 02 06
2018-04-04_30 ==> 02 10 08 01 11
2018-04-04_31 ==> 03 01 02 07 08
2018-04-04_32 ==> 04 07 05 08 02
2018-04-04_33 ==> 06 02 08 10 07
2018-04-04_34 ==> 06 01 07 03 05
2018-04-04_35 ==> 04 09 10 05 03
2018-04-04_36 ==> 11 10 01 02 08
2018-04-04_37 ==> 09 01 04 06 05
2018-04-04_38 ==> 09 07 01 04 02
2018-04-04_39 ==> 07 06 09 02 03
2018-04-04_40 ==> 05 02 06 08 07
2018-04-04_41 ==> 03 05 10 11 09
2018-04-04_42 ==> 06 02 08 07 03
2018-04-04_43 ==> 07 08 05 06 10
2018-04-04_44 ==> 05 07 08 09 04
2018-04-04_45 ==> 09 02 06 10 03
2018-04-04_46 ==> 02 09 04 08 10
2018-04-04_47 ==> 05 09 10 07 03
2018-04-04_48 ==> 07 02 06 10 01
2018-04-04_49 ==> 01 04 11 10 03
2018-04-04_50 ==> 07 10 11 08 02
2018-04-04_51 ==> 11 04 08 09 05
2018-04-04_52 ==> 07 11 10 09 02
2018-04-04_53 ==> 01 03 07 09 04
2018-04-04_54 ==> 01 05 07 10 09
2018-04-04_55 ==> 03 09 02 01 06
2018-04-04_56 ==> 10 03 04 08 07
2018-04-04_57 ==> 01 04 10 09 11
2018-04-04_58 ==> 01 04 08 10 03
2018-04-04_59 ==> 03 08 01 09 04
2018-04-04_60 ==> 11 06 04 10 07
2018-04-04_61 ==> 07 02 06 04 05
2018-04-04_62 ==> 09 04 01 03 02
2018-04-04_63 ==> 11 06 09 05 07
2018-04-04_64 ==> 11 06 10 03 08
2018-04-04_65 ==> 03 09 05 10 11
2018-04-04_66 ==> 11 06 09 03 05
2018-04-04_67 ==> 10 02 07 03 04
2018-04-04_68 ==> 09 10 07 08 02
2018-04-04_69 ==> 06 02 11 08 05
2018-04-04_70 ==> 11 04 08 03 09
2018-04-04_71 ==> 01 08 02 06 03
2018-04-04_72 ==> 07 03 04 09 01
2018-04-04_73 ==> 08 04 09 05 01
2018-04-04_74 ==> 09 04 02 01 10
2018-04-04_75 ==> 10 08 05 06 09
2018-04-04_76 ==> 04 01 10 03 07
2018-04-04_77 ==> 05 04 07 02 03
2018-04-04_78 ==> 06 02 03 01 11
2018-04-04_79 ==> 02 06 03 04 07
2018-04-04_80 ==> 03 01 05 06 09
2018-04-04_81 ==> 04 06 09 03 01
2018-04-04_82 ==> 07 09 05 01 08
2018-04-04_83 ==> 04 08 07 06 11
2018-04-04_84 ==> 11 06 04 05 10
2018-04-04_85 ==> 10 03 08 01 06
2018-04-04_86 ==> 02 11 01 05 08
2018-04-04_87 ==> 02 06 04 01 03
